Run semi-empirical minimization
 &qmmm
    qm_theory='AM1', grms_tol=0.0005,
 scfconv=1.d-10, ndiis_attempts=700,   qmcharge=0,
 /
   6     C       -3.4690       14.9710       -2.8060 
   7     N       -4.5970       15.0170       -2.0610 
   6    C1       -4.5500       14.9730       -0.7130 
   7    N1       -5.6570       15.0170        0.0480 
   6    C2       -5.6000       14.9720        1.4020 
   7    N2       -6.8540       15.0270        2.0880 
   7    N3       -4.4230       14.8790        2.0540 
   6    C3       -3.2720       14.8310        1.3430 
   8     O       -2.1720       14.7460        1.9110 
   6    C4       -3.3400       14.8780       -0.0330 
   7    N4       -2.2000       14.8310       -0.7830 
   6    C5       -2.2640       14.8770       -2.1320 
   1     H       -3.5050       15.0050       -3.8370 
   1    H1       -7.6920       15.0950        1.5760 
   1    H2       -6.8780       14.9980        3.0710 
   1    H3       -4.4020       14.8480        3.0380 
   1    H4       -1.3880       14.8400       -2.6760 

