Run semi-empirical minimization
 &qmmm
    qm_theory='AM1', grms_tol=0.0005,
 scfconv=1.d-10, ndiis_attempts=700,   qmcharge=0,
 /
   6     C       -5.3100       15.2620        0.7370 
   7     N       -4.1600       15.0230        1.4110 
   6    C1       -2.9790       14.9160        0.7670 
   7    N1       -1.8260       14.6800        1.4140 
   6    C2       -0.6430       14.5740        0.7580 
   7    N2        0.5070       14.3210        1.5690 
   7    N3       -0.5680       14.7010       -0.5820 
   6    C3       -1.6960       14.9410       -1.2910 
   8     O       -1.6630       15.0640       -2.5250 
   6    C4       -2.8930       15.0470       -0.6160 
   7    N4       -4.0520       15.2880       -1.2970 
   6    C5       -5.2270       15.3920       -0.6370 
   1     H       -6.2130       15.3440        1.2300 
   1    H1        0.4120       14.2340        2.5450 
   1    H2        1.3940       14.2330        1.1520 
   1    H3        0.3000       14.6210       -1.0410 
   1    H4       -6.0880       15.5740       -1.1760 

