Run semi-empirical minimization
 &qmmm
    qm_theory='AM1', grms_tol=0.0005,
 scfconv=1.d-10, ndiis_attempts=700,   qmcharge=0,
 /
   6     C       -4.0650       12.3820       -2.8360 
   7     N       -2.8280       12.3070       -2.2920 
   6    C1       -1.9310       13.3020       -2.4500 
   7    N1       -0.6970       13.2510       -1.9200 
   6    C2        0.1980       14.2560       -2.0840 
   7    N2        1.4740       14.0710       -1.4660 
   7    N3       -0.1080       15.3620       -2.7920 
   6    C3       -1.3360       15.4730       -3.3520 
   8     O       -1.6510       16.4780       -4.0100 
   6    C4       -2.2390       14.4470       -3.1790 
   7    N4       -3.4860       14.5240       -3.7290 
   6    C5       -4.3740       13.5180       -3.5610 
   1     H       -4.7510       11.6200       -2.7150 
   1    H1        1.6600       13.2490       -0.9570 
   1    H2        2.1670       14.7660       -1.5500 
   1    H3        0.5550       16.0820       -2.9010 
   1    H4       -5.3100       13.6010       -3.9870 

